1000091903 4.1 3.0 2.8 3.3 4.5
1000091309 1.8 1.666 1.34 1.95 1
1000056789 2.5 4.3 1.2 3.7 0.8
1000023490 3.1 1.9 4.5 2.6 1.4
1000098765 0.7 2.8 4.1 5.0 3.4
1000012345 1.5 0.3 2.1 4.7 3.9
1000078912 4.2 2.0 0.6 3.0 5.0
1000034567 2.9 4.9 1.1 3.5 0.2
1000045678 1.8 3.7 0.5 4.8 2.3
1000067890 4.5 1.3 2.7 0.9 3.6
1000089012 0.4 2.4 3.3 1.0 4.6
1000001234 3.8 1.6 4.0 2.2 0.1
1000056723 2.5 3.1 2.1 2.8 2.6
1000034560 0 0 0 0 0
1000081245 1.5 3.3 2.8 2.3 1.9
1000023098 3.4 2.7 3.1 2.0 3.2
1000067854 2.9 2.1 2.6 3.4 2.7
1000045890 3.0 3.5 2.0 2.7 3.3
1000012378 2.1 2.6 3.2 3.5 2.4
1000078965 1.9 3.2 2.5 2.4 1.8